# Datafile created by QuickNXS 1.0.32
# Date: 2017-02-07 16:55:49
# Type: Specular
# Input file indices: 24600+24601+24602+24603
# Extracted states: ++
# 
# [Direct Beam Runs]
# DB_ID  P0  PN  x_pos   x_width  y_pos   y_width  bg_pos  bg_width  dpix  tth        number  File                                            
# 1      0   0   187.5   9        130     104      54      100       188   -0.002339  24550   /SNS/REF_M/IPTS-16455/data/REF_M_24550_histo.nxs
# 2      0   0   187.5   9        130.5   103      54      100       188   -0.002339  24551   /SNS/REF_M/IPTS-16455/data/REF_M_24551_histo.nxs
# 3      0   0   186.8   12       131     102      54      100       188   -0.002339  24552   /SNS/REF_M/IPTS-16455/data/REF_M_24552_histo.nxs
# 
# [Data Runs]
# scale     P0    PN   x_pos   x_width  y_pos  y_width  bg_pos  bg_width  extract_fan  dpix  tth        number  DB_ID  File                                            
# 20.7491   150   47   141.1   10       135    60       54      100       False        191   -0.261463  24600   1      /SNS/REF_M/IPTS-16455/data/REF_M_24600_histo.nxs
# 16.5959   142   49   139.5   10       135    60       54      100       False        191   -0.001396  24601   1      /SNS/REF_M/IPTS-16455/data/REF_M_24601_histo.nxs
# 12.0226   176   19   139.5   10       135    60       54      100       False        191   -0.001396  24602   2      /SNS/REF_M/IPTS-16455/data/REF_M_24602_histo.nxs
# 4.69894   176   11   139.5   10       135    60       54      100       False        191   0.561693   24603   3      /SNS/REF_M/IPTS-16455/data/REF_M_24603_histo.nxs
# 
# [Global Options]
# name           value
# sample_length  10   
# 
# [Data]
# Qz [Å⁻¹]            	R [a.u.]            	dR [a.u.]           	dQz [Å⁻¹]           	αi [rad]            
7.668085e-03      	9.399949e-01      	7.155357e-02      	2.442623e-04      	4.565982e-03      
7.745152e-03      	1.088124e+00      	7.517695e-02      	2.467374e-04      	4.565982e-03      
7.823783e-03      	9.412888e-01      	6.795468e-02      	2.492635e-04      	4.565982e-03      
7.904027e-03      	9.986996e-01      	6.742944e-02      	2.518420e-04      	4.565982e-03      
7.985934e-03      	1.079171e+00      	6.795173e-02      	2.544747e-04      	4.565982e-03      
8.069555e-03      	9.963718e-01      	6.364183e-02      	2.571631e-04      	4.565982e-03      
8.154947e-03      	9.897706e-01      	6.188677e-02      	2.599094e-04      	4.565982e-03      
8.242167e-03      	9.767063e-01      	6.025151e-02      	2.627151e-04      	4.565982e-03      
8.331271e-03      	8.812608e-01      	5.643670e-02      	2.655823e-04      	4.565982e-03      
8.422324e-03      	9.427004e-01      	5.713458e-02      	2.685132e-04      	4.565982e-03      
8.515388e-03      	9.709822e-01      	5.711023e-02      	2.715096e-04      	4.565982e-03      
8.610531e-03      	9.204758e-01      	5.486562e-02      	2.745742e-04      	4.565982e-03      
8.707826e-03      	1.120451e+00      	5.973322e-02      	2.777090e-04      	4.565982e-03      
8.807343e-03      	1.013158e+00      	5.615979e-02      	2.809166e-04      	4.565982e-03      
8.909163e-03      	9.556910e-01      	5.387037e-02      	2.841995e-04      	4.565982e-03      
9.013363e-03      	1.015107e+00      	5.491691e-02      	2.875605e-04      	4.565982e-03      
9.120030e-03      	1.031816e+00      	5.486740e-02      	2.910023e-04      	4.565982e-03      
9.229252e-03      	1.003080e+00      	5.334462e-02      	2.945281e-04      	4.565982e-03      
9.341123e-03      	1.045365e+00      	5.356093e-02      	2.981408e-04      	4.565982e-03      
9.455738e-03      	9.441645e-01      	4.979969e-02      	3.018438e-04      	4.565982e-03      
9.573200e-03      	9.805723e-01      	4.980451e-02      	3.056404e-04      	4.565982e-03      
9.693618e-03      	9.538982e-01      	4.820117e-02      	3.095343e-04      	4.565982e-03      
9.817102e-03      	1.061045e+00      	4.976461e-02      	3.135294e-04      	4.565982e-03      
9.943776e-03      	9.783793e-01      	4.691996e-02      	3.176296e-04      	4.565982e-03      
1.007376e-02      	9.102557e-01      	4.427759e-02      	3.218392e-04      	4.565982e-03      
1.020719e-02      	9.537512e-01      	4.411889e-02      	3.261626e-04      	4.565982e-03      
1.034420e-02      	9.591753e-01      	4.293960e-02      	3.306046e-04      	4.565982e-03      
1.048493e-02      	1.050660e+00      	4.373746e-02      	3.351701e-04      	4.565982e-03      
1.062955e-02      	9.351780e-01      	4.049700e-02      	3.398643e-04      	4.565982e-03      
1.097457e-02      	9.032282e-01      	5.669032e-02      	3.267048e-04      	7.055059e-03      
1.107666e-02      	1.036541e+00      	5.433979e-02      	3.297684e-04      	7.055059e-03      
1.118067e-02      	1.041224e+00      	5.251201e-02      	3.328904e-04      	7.055059e-03      
1.128665e-02      	1.017159e+00      	5.060100e-02      	3.360723e-04      	7.055059e-03      
1.139465e-02      	1.041383e+00      	5.032558e-02      	3.393158e-04      	7.055059e-03      
1.150475e-02      	1.070068e+00      	5.020395e-02      	3.426229e-04      	7.055059e-03      
1.161699e-02      	1.028899e+00      	4.853642e-02      	3.459953e-04      	7.055059e-03      
1.173144e-02      	9.480207e-01      	4.583182e-02      	3.494350e-04      	7.055059e-03      
1.184817e-02      	1.005157e+00      	4.632086e-02      	3.529442e-04      	7.055059e-03      
1.196725e-02      	9.949398e-01      	4.499985e-02      	3.565248e-04      	7.055059e-03      
1.208874e-02      	1.075779e+00      	4.543995e-02      	3.601793e-04      	7.055059e-03      
1.221273e-02      	9.446851e-01      	4.098593e-02      	3.639096e-04      	7.055059e-03      
1.233929e-02      	1.056073e+00      	4.208002e-02      	3.677185e-04      	7.055059e-03      
1.246849e-02      	1.000960e+00      	3.988073e-02      	3.716084e-04      	7.055059e-03      
1.260044e-02      	9.987223e-01      	3.888160e-02      	3.755818e-04      	7.055059e-03      
1.273520e-02      	1.062619e+00      	3.933393e-02      	3.796417e-04      	7.055059e-03      
1.287288e-02      	1.012891e+00      	3.785023e-02      	3.837906e-04      	7.055059e-03      
1.301357e-02      	1.042328e+00      	3.761783e-02      	3.880319e-04      	7.055059e-03      
1.315736e-02      	1.017737e+00      	3.655437e-02      	3.923682e-04      	7.055059e-03      
1.330437e-02      	9.649892e-01      	3.516869e-02      	3.968032e-04      	7.055059e-03      
1.345470e-02      	9.762974e-01      	3.488988e-02      	4.013402e-04      	7.055059e-03      
1.360847e-02      	1.083857e+00      	3.633378e-02      	4.059828e-04      	7.055059e-03      
1.376580e-02      	9.806696e-01      	3.413572e-02      	4.107345e-04      	7.055059e-03      
1.392680e-02      	9.989456e-01      	3.407997e-02      	4.155997e-04      	7.055059e-03      
1.409161e-02      	1.029968e+00      	3.429477e-02      	4.205820e-04      	7.055059e-03      
1.426037e-02      	9.892173e-01      	3.316928e-02      	4.256861e-04      	7.055059e-03      
1.443323e-02      	9.828046e-01      	3.247585e-02      	4.309164e-04      	7.055059e-03      
1.461032e-02      	9.440400e-01      	3.115390e-02      	4.362777e-04      	7.055059e-03      
1.479182e-02      	9.065562e-01      	2.996408e-02      	4.417750e-04      	7.055059e-03      
1.497788e-02      	8.686750e-01      	2.877083e-02      	4.474135e-04      	7.055059e-03      
1.516868e-02      	8.495949e-01      	2.784203e-02      	4.531989e-04      	7.055059e-03      
1.536440e-02      	7.963741e-01      	2.648496e-02      	4.591369e-04      	7.055059e-03      
1.556525e-02      	7.163490e-01      	2.457694e-02      	4.652338e-04      	7.055059e-03      
1.577141e-02      	6.639561e-01      	2.302026e-02      	4.714959e-04      	7.055059e-03      
1.598310e-02      	6.308057e-01      	2.179044e-02      	4.779303e-04      	7.055059e-03      
1.598310e-02      	6.002434e-01      	9.615381e-03      	4.778555e-04      	7.055059e-03      
1.620056e-02      	5.421521e-01      	8.415542e-03      	4.844684e-04      	7.055059e-03      
1.642402e-02      	4.497516e-01      	7.414921e-03      	4.912684e-04      	7.055059e-03      
1.665372e-02      	3.599039e-01      	6.512687e-03      	4.982635e-04      	7.055059e-03      
1.688995e-02      	2.942656e-01      	5.809004e-03      	5.054625e-04      	7.055059e-03      
1.713297e-02      	2.135065e-01      	4.844652e-03      	5.128745e-04      	7.055059e-03      
1.738309e-02      	1.659207e-01      	4.182152e-03      	5.205090e-04      	7.055059e-03      
1.764061e-02      	1.190853e-01      	3.467712e-03      	5.283764e-04      	7.055059e-03      
1.790588e-02      	8.073695e-02      	2.827048e-03      	5.364876e-04      	7.055059e-03      
1.817926e-02      	5.885885e-02      	2.394345e-03      	5.448541e-04      	7.055059e-03      
1.846111e-02      	4.644408e-02      	2.112214e-03      	5.534883e-04      	7.055059e-03      
1.875183e-02      	3.941614e-02      	1.971261e-03      	5.624036e-04      	7.055059e-03      
1.905186e-02      	3.650192e-02      	1.972251e-03      	5.716136e-04      	7.055059e-03      
1.936165e-02      	3.756898e-02      	1.992120e-03      	5.811339e-04      	7.055059e-03      
1.968168e-02      	3.592098e-02      	1.903007e-03      	5.909800e-04      	7.055059e-03      
2.001246e-02      	3.792098e-02      	1.934951e-03      	6.011695e-04      	7.055059e-03      
2.035455e-02      	3.990051e-02      	1.992797e-03      	6.117208e-04      	7.055059e-03      
2.070854e-02      	3.631141e-02      	1.907576e-03      	6.226538e-04      	7.055059e-03      
2.107507e-02      	3.929377e-02      	1.988408e-03      	6.339896e-04      	7.055059e-03      
2.145479e-02      	3.610827e-02      	1.944908e-03      	6.457511e-04      	7.055059e-03      
2.184846e-02      	3.409968e-02      	2.002473e-03      	6.579635e-04      	7.055059e-03      
2.225685e-02      	3.154142e-02      	1.927449e-03      	6.706529e-04      	7.055059e-03      
2.268079e-02      	2.808754e-02      	1.792229e-03      	6.838485e-04      	7.055059e-03      
2.312119e-02      	2.700200e-02      	1.736310e-03      	6.975815e-04      	7.055059e-03      
2.357903e-02      	2.249362e-02      	1.577693e-03      	7.118859e-04      	7.055059e-03      
2.405538e-02      	1.738158e-02      	1.395297e-03      	7.267985e-04      	7.055059e-03      
2.455137e-02      	1.275032e-02      	1.202865e-03      	7.423594e-04      	7.055059e-03      
2.506824e-02      	1.439912e-02      	1.291264e-03      	7.586128e-04      	7.055059e-03      
2.560734e-02      	6.801706e-03      	9.021171e-04      	7.756060e-04      	7.055059e-03      
2.617014e-02      	5.624368e-03      	8.471387e-04      	7.933919e-04      	7.055059e-03      
2.675823e-02      	5.993946e-03      	8.927419e-04      	8.120277e-04      	7.055059e-03      
2.711498e-02      	5.858202e-03      	2.431009e-04      	8.125885e-04      	1.196894e-02      
2.748389e-02      	6.513115e-03      	2.362331e-04      	8.238328e-04      	1.196894e-02      
2.786298e-02      	6.569078e-03      	2.292930e-04      	8.353951e-04      	1.196894e-02      
2.825267e-02      	7.172972e-03      	2.339624e-04      	8.472892e-04      	1.196894e-02      
2.865342e-02      	6.895389e-03      	2.259138e-04      	8.595301e-04      	1.196894e-02      
2.906570e-02      	6.373279e-03      	2.135465e-04      	8.721327e-04      	1.196894e-02      
2.949002e-02      	6.648419e-03      	2.138975e-04      	8.851139e-04      	1.196894e-02      
2.992691e-02      	6.115938e-03      	2.006211e-04      	8.984910e-04      	1.196894e-02      
3.037693e-02      	5.026666e-03      	1.793837e-04      	9.122825e-04      	1.196894e-02      
3.084070e-02      	4.032762e-03      	1.600814e-04      	9.265081e-04      	1.196894e-02      
3.131885e-02      	3.339782e-03      	1.450887e-04      	9.411888e-04      	1.196894e-02      
3.181206e-02      	2.743296e-03      	1.333097e-04      	9.563475e-04      	1.196894e-02      
3.232106e-02      	2.415813e-03      	1.298265e-04      	9.720069e-04      	1.196894e-02      
3.284661e-02      	2.168608e-03      	1.226821e-04      	9.881941e-04      	1.196894e-02      
3.338952e-02      	2.526549e-03      	1.290165e-04      	1.004935e-03      	1.196894e-02      
3.395069e-02      	2.725250e-03      	1.329568e-04      	1.022260e-03      	1.196894e-02      
3.453105e-02      	2.948594e-03      	1.376606e-04      	1.040200e-03      	1.196894e-02      
3.513158e-02      	3.411155e-03      	1.484020e-04      	1.058788e-03      	1.196894e-02      
3.575338e-02      	3.470674e-03      	1.502894e-04      	1.078062e-03      	1.196894e-02      
3.639758e-02      	3.222330e-03      	1.470868e-04      	1.098059e-03      	1.196894e-02      
3.706543e-02      	3.026894e-03      	1.511668e-04      	1.118822e-03      	1.196894e-02      
3.775825e-02      	2.493872e-03      	1.377333e-04      	1.140397e-03      	1.196894e-02      
3.847745e-02      	2.351378e-03      	1.311984e-04      	1.162832e-03      	1.196894e-02      
3.922458e-02      	1.498133e-03      	1.036084e-04      	1.186180e-03      	1.196894e-02      
4.000131e-02      	1.010766e-03      	8.518076e-05      	1.210499e-03      	1.196894e-02      
4.080942e-02      	7.886466e-04      	7.607218e-05      	1.235853e-03      	1.196894e-02      
4.165085e-02      	6.499068e-04      	7.008047e-05      	1.262308e-03      	1.196894e-02      
4.252771e-02      	6.399817e-04      	6.972245e-05      	1.289941e-03      	1.196894e-02      
4.344228e-02      	6.167598e-04      	6.962530e-05      	1.318830e-03      	1.196894e-02      
4.439706e-02      	7.924260e-04      	7.968356e-05      	1.349068e-03      	1.196894e-02      
4.539474e-02      	8.316796e-04      	8.364598e-05      	1.380749e-03      	1.196894e-02      
4.643830e-02      	9.638521e-04      	8.980660e-05      	1.413984e-03      	1.196894e-02      
4.753096e-02      	9.028559e-04      	8.765587e-05      	1.448890e-03      	1.196894e-02      
4.867629e-02      	8.138204e-04      	8.490041e-05      	1.485599e-03      	1.196894e-02      
4.987818e-02      	5.520383e-04      	7.226470e-05      	1.524255e-03      	1.196894e-02      
5.114091e-02      	3.626196e-04      	6.027193e-05      	1.565022e-03      	1.196894e-02      
5.246925e-02      	5.500225e-04      	7.904947e-05      	1.608080e-03      	1.196894e-02      
5.386843e-02      	3.400851e-04      	8.560879e-05      	1.653630e-03      	1.196894e-02      
5.534428e-02      	3.614705e-04      	1.466243e-04      	1.701900e-03      	1.196894e-02      
